desk:
  frame_id: map
  x: 0.41124827091350935
  y: -0.8721214818917197
  yaw: 0.30360874768692414
